1814
1823
1817
2420
2425
1824
1814
2418
1823
1815
1822
1820
1817
1818
2415
1823
1814
1812
1816
1816
1815
1823
2422
1822
1816
1816
2425
1823
1825
1821
1817
1823
1827
1817
1823
1819
1825
1820
1816
1816
1818
1815
1814
1819
1818
2849
1823
1825
1823
1819
3248
2419
1817
1823
1817
1824
2417
2423
1818
1815
2421
1825
1822
1823
1818
1820
1816
1824
1814
2423
1817
2418
1817
1820
1818
1816
1820
1817
1818
1819
1818
1817
1819
1822
1820
1821
1816
1817
1817
1814
4248
1814
1822
2422
1818
1825
1819
1823
1818
1819
