1817
1822
1820
1819
1819
1821
1814
1823
1815
1818
1818
1819
1817
3271
1813
1817
1817
1813
1815
1816
1823
1819
1822
1818
1817
1818
1816
2840
1823
1822
1818
1815
1824
1818
1821
1815
1823
1817
1818
1818
1816
1816
1815
1819
1822
1816
1821
1817
1826
1814
1815
1820
1826
1822
1816
1818
1815
1813
1813
1816
1821
1822
1816
1821
1820
1824
1816
1826
1823
1818
1817
1820
1817
3235
1815
1817
1818
1816
3234
1813
1822
1826
2825
1824
1821
1818
1816
1816
1819
1819
1815
1814
1817
1815
1815
3647
1825
1823
1819
1818
