1820
1823
1821
1815
1814
1822
1814
1815
1821
1821
1813
1811
1815
1813
1812
1813
1814
1811
1818
1813
1822
1824
1822
2827
1818
1813
3218
1813
1815
1819
1818
1815
1814
1814
1821
1822
1814
1822
1821
1823
1820
1820
1811
1811
3267
1824
1812
1812
1824
1810
1819
1815
1816
1813
1814
1813
1821
2842
1816
1813
1814
1812
1812
1811
1820
1814
1817
1820
1813
1812
1820
1819
1823
1821
1815
1814
1813
1813
1813
1813
2867
1812
1820
1821
1817
1817
1822
1822
1815
1813
1816
1820
1816
1813
1814
1821
1814
1812
1816
1819
