4278
12617
8865
12218
8882
3290
6525
101366
10643
5499
15085
11397
444086
7036
5791
10933
6871
9793
9858
10883
8360
3762
7324
2788
4791
4304
6850
7049
2753
3807
8045
10817
5505
13637
14065
2755
10877
12451
8846
6338
6843
8373
8362
5516
13897
5311
9692
12432
4232
4796
8794
8530
4296
5293
9084
42682
13525
200010
9574
5119
3784
5311
191176
5500
21180
58355
8551
16738
6856
5844
4101
3054
17340
3239
11575
7866
11400
10126
4291
20208
15568
7542
5329
9440
8049
15471
43692
56828
15372
7036
12851
4567
6878
7837
7040
4303
12999
4283
4825
325102
