3797
7336
7271
1522
4104
9381
3046
2723
3816
4231
5788
5302
5821
4236
2545
2531
27862
2733
5328
1515
2733
7391
5308
3581
2725
2564
1519
9425
1518
3574
3051
4296
2521
3786
17822
9908
5841
12280
214978
2570
6310
4066
7280
4260
4307
2728
4612
7880
7354
3765
5319
3050
10073
9619
3782
2752
5836
9887
8846
2561
2741
2550
3041
3566
30669
5839
2559
4100
4296
6858
8196
4257
2528
9570
3576
4463
6337
3783
2775
2751
9290
7368
2582
2556
2559
2768
6328
4270
5627
8038
5278
1521
7023
5299
15614
2725
5501
2528
3558
8525
