2529
4801
5494
2517
4237
2729
2771
8308
1521
1515
1512
5815
7331
3571
1512
7295
16556
2526
1513
3573
2721
1519
5620
6844
2520
3775
2751
6333
2538
2746
2569
2725
4288
1512
5329
5926
2574
3598
14631
5573
5289
1521
7388
2776
8363
1519
1523
2746
3755
4234
7287
2543
8353
2515
1514
2529
1515
2752
7266
5614
49850
1511
2567
4793
3050
1515
7293
9539
8305
1516
3775
2777
8309
4104
4803
7022
2733
4260
2786
1520
2738
4317
5499
8509
3769
1519
2736
2773
2742
4301
7316
7311
2721
4259
2733
8723
1519
7869
4287
3803
