19.22111800000000000000
17.51589400000000000000
85.20674000000000000000
15.80919300000000000000
16.32786200000000000000
16.41397600000000000000
80.32506600000000000000
16.38601400000000000000
10.50792400000000000000
9.25581900000000000000
11.05828600000000000000
10.05980200000000000000
10.38081000000000000000
22.32417200000000000000
78.37319100000000000000
11.29549400000000000000
14.21218200000000000000
21.68721900000000000000
12.58961100000000000000
11.36343800000000000000
9.41169500000000000000
10.61720900000000000000
9.84158700000000000000
10.66460100000000000000
73.71965000000000000000
10.57023500000000000000
12.43244300000000000000
16.27403100000000000000
19.55019800000000000000
10.41479200000000000000
19.39776100000000000000
17.22771400000000000000
12.21864000000000000000
13.73250200000000000000
18.83767500000000000000
17.13137400000000000000
10.54566200000000000000
82.88055500000000000000
10.62542600000000000000
10.57950700000000000000
13.96748300000000000000
13.78321700000000000000
13.00047900000000000000
10.72399200000000000000
10.14631800000000000000
16.86495300000000000000
20.42165000000000000000
10.75502900000000000000
78.40335000000000000000
15.86691100000000000000
15.92732000000000000000
18.27117800000000000000
13.29818400000000000000
15.72676400000000000000
81.66990500000000000000
12.77063700000000000000
20.43375800000000000000
9.12773200000000000000
9.14126500000000000000
18.59647800000000000000
10.22496900000000000000
10.49936600000000000000
13.17973300000000000000
18.92959700000000000000
10.06861400000000000000
11.70342800000000000000
18.61268400000000000000
16.55197700000000000000
74.04017800000000000000
10.23485900000000000000
15.45308000000000000000
13.02281500000000000000
72.99856300000000000000
10.96104300000000000000
17.88661100000000000000
10.10991600000000000000
18.85024500000000000000
14.32157900000000000000
10.32056600000000000000
78.63180300000000000000
11.19750900000000000000
10.31345800000000000000
10.66241400000000000000
11.45829300000000000000
10.82342400000000000000
21.74741500000000000000
13.72573400000000000000
11.19797300000000000000
12.59178700000000000000
18.36194900000000000000
14.53923300000000000000
12.86085800000000000000
10.53414000000000000000
12.27401800000000000000
16.82561300000000000000
17.78529800000000000000
10.29638500000000000000
10.38295400000000000000
14.60900000000000000000
73.53642100000000000000
