11.59898500000000000000
131.64564400000000000000
17.84647400000000000000
13.81889900000000000000
132.16324600000000000000
11.15831000000000000000
10.90035400000000000000
11.69730000000000000000
10.77551200000000000000
13.12197600000000000000
11.53237000000000000000
15.12036600000000000000
13.83217800000000000000
12.17540500000000000000
19.30064100000000000000
12.08731600000000000000
13.12114600000000000000
11.33927500000000000000
11.15844900000000000000
125.12194000000000000000
11.24820000000000000000
10.27462500000000000000
16.28751000000000000000
16.25033500000000000000
12.46843100000000000000
11.30107500000000000000
20.31762200000000000000
10.55307800000000000000
11.03620700000000000000
9.96513600000000000000
10.02791100000000000000
10.85365700000000000000
9.96782700000000000000
15.01921300000000000000
12.95249500000000000000
13.28212100000000000000
9.37443600000000000000
11.20601500000000000000
130.13628500000000000000
12.28757600000000000000
9.32569700000000000000
11.28244000000000000000
10.42595000000000000000
124.34174300000000000000
10.93380500000000000000
14.17517000000000000000
18.08021600000000000000
12.85073300000000000000
16.32874200000000000000
12.33057000000000000000
18.84244500000000000000
16.62108800000000000000
12.25991400000000000000
123.56247100000000000000
17.74466400000000000000
10.79138600000000000000
12.92092400000000000000
11.77357300000000000000
11.64326400000000000000
19.15129700000000000000
10.94230400000000000000
13.21590000000000000000
17.24854600000000000000
10.39373500000000000000
126.81356900000000000000
10.79900300000000000000
17.36468400000000000000
11.68200700000000000000
11.08395200000000000000
10.30363100000000000000
17.58112700000000000000
9.38119900000000000000
20.41801200000000000000
122.46647800000000000000
123.90650100000000000000
12.20845400000000000000
13.91784000000000000000
13.56150500000000000000
10.04956900000000000000
129.32853500000000000000
18.29874000000000000000
9.98455300000000000000
11.01063500000000000000
10.60707600000000000000
19.84749100000000000000
14.15007100000000000000
16.14096400000000000000
17.52811900000000000000
15.27933400000000000000
12.48092900000000000000
9.74951700000000000000
12.81849200000000000000
18.15341400000000000000
12.50442900000000000000
9.42189800000000000000
10.06690500000000000000
10.56094700000000000000
9.77012600000000000000
18.15007900000000000000
124.77181200000000000000
