76.37438200000000000000
74.20610400000000000000
22.07847600000000000000
17.90706800000000000000
83.06723600000000000000
12.21368400000000000000
12.16448500000000000000
20.79026700000000000000
71.93705300000000000000
16.57898200000000000000
75.21392200000000000000
77.11882700000000000000
10.21869100000000000000
17.44550700000000000000
11.00038800000000000000
10.39792200000000000000
12.97740300000000000000
87.99873400000000000000
18.89274400000000000000
11.69463500000000000000
11.79211400000000000000
9.45108500000000000000
75.37545300000000000000
18.72963500000000000000
11.48732200000000000000
12.49446700000000000000
75.55297600000000000000
78.55061800000000000000
18.18954400000000000000
18.77851500000000000000
77.53549900000000000000
82.53314800000000000000
9.06451500000000000000
13.53490200000000000000
18.08607800000000000000
11.60842100000000000000
75.01821800000000000000
19.80914200000000000000
10.17765500000000000000
79.93152900000000000000
10.44545800000000000000
11.17977900000000000000
79.48451500000000000000
11.05523600000000000000
79.37802900000000000000
14.76009000000000000000
84.09717500000000000000
13.40934100000000000000
76.76390400000000000000
11.64728300000000000000
12.40715800000000000000
14.27906800000000000000
15.44360100000000000000
10.49703100000000000000
16.43422000000000000000
15.84428400000000000000
14.21925100000000000000
8.84404500000000000000
69.52419800000000000000
18.40631900000000000000
12.20810000000000000000
21.95840600000000000000
10.22642400000000000000
15.39150900000000000000
15.65749400000000000000
14.33395800000000000000
79.28486400000000000000
10.10671700000000000000
19.14591900000000000000
9.68757000000000000000
12.14771200000000000000
19.00752900000000000000
13.69907800000000000000
10.41939900000000000000
80.15355400000000000000
12.46584300000000000000
18.58796600000000000000
13.36427500000000000000
76.91625500000000000000
16.77450700000000000000
71.88393500000000000000
14.85191800000000000000
11.26048900000000000000
12.99097200000000000000
12.50161300000000000000
13.10508400000000000000
17.81262800000000000000
12.21351100000000000000
78.34059000000000000000
10.91763500000000000000
10.69903800000000000000
13.61034900000000000000
9.60936900000000000000
10.65992700000000000000
19.39305800000000000000
17.16793300000000000000
11.60040200000000000000
10.06830200000000000000
13.04625200000000000000
10.55235700000000000000
